153.0900351648772
154.4117723133478
152.3729222114863
150.67642226572843
154.0251191170468
159.16770943983263
152.72601626656086
153.62559979107195
152.61344324878527
154.84353671154457
154.80474195281923
155.6320888879901
154.51623079076742
152.93889323826562
153.7622278774268
151.8334635286202
152.9956060637518
152.60251742291504
154.13520738822172
148.2611197259354
156.09750217950332
156.62855094704597
154.40813986279053
156.44351771945892
150.83641908705533
154.34754588997248
152.49940948246905
152.67633661175324
148.14970586166118
150.89672881491515
151.26489899494013
150.00182029870055
151.07116626514863
154.13494245775823
155.301414313736
154.85654662961724
154.30507350879023
150.81367369972432
156.24714193427667
157.83303841617038
155.12116062589698
148.97935024182868
152.28765071403203
151.71565312825211
151.44108178622665
152.2144316709544
147.76077584074486
154.74579807503653
157.435101914089
156.45243160988431
150.36905885690342
148.19261254231856
153.45604442137866
155.25142994913801
154.24058502840197
154.63391668491582
151.15022287906723
152.7737700563368
152.0566354066167
153.79246474493007
153.3580300372942
151.6916953910026
152.7023362319742
151.37645769779894
152.69975135614033
150.282124538285
154.5348662592183
151.18477229592125
156.33632570091032
152.0527448935145
152.76656689526973
154.4800207855355
151.2806643020077
154.1553801525608
151.09389889583323
153.90940605196633
150.47834610152015
156.1448157835154
152.06576743875823
152.48838011418758
157.1194889645994
155.1404801605797
158.0465247502774
153.42204473723433
154.72626216110413
154.95451813818121
152.8852180989955
150.3208461591585
157.16913394834287
156.2649927205553
152.3209857379137
155.06845607251662
153.5164636627586
151.337578552054
154.67753472121223
159.5491706224346
150.7654398079116
152.9026165038842
153.22010934720296
155.40055374454386
155.78073364271305
156.69967849371318
155.23252727261823
155.18994701098205
150.66295351473545
153.55699611654592
157.40352858713723
152.98529018506937
150.0164150834432
150.99967259921067
146.43063865671255
155.16815776085858
154.565204182874
152.01637254941977
155.45832401462775
156.53743120344146
156.12828078671632
149.8141824571693
154.94377061420693
151.74561848899643
157.4324444697395
154.49066848569183
155.3981547232586
154.7906887423133
153.78377251896077
151.7507415762191
152.56938314728745
153.27670337648513
152.87727750142
153.79690586150082
148.88946545514779
157.5827507414293
154.35554194306448
151.4276232430423
153.3373853477746
151.50897451628487
153.48679585855308
154.14432321237703
154.46206341981798
150.1222987541456
153.23779168272264
150.11302452429348
149.96290828276435
155.57349203981377
153.55310077796307
158.31336773452506
153.80403493858591
153.78795491742997
152.2397294969201
151.91660890155674
150.4055676296661
154.8677923113914
154.9342301313477
151.6350386955493
155.29204134695263
154.41223287413672
150.60688721759962
152.44004429833052
147.99974224666744
146.03619041722953
152.28267194416318
151.86947178039983
153.4009401419052
152.75545151754997
153.0744256800791
147.34356410980658
155.00387239120934
152.69040553295764
150.90255898816667
153.10900239048487
156.39993682758575
151.11440384488165
149.84521972199383
155.49250633568187
151.73483132117116
150.2258531087348
153.20037087364315
152.3829954506172
153.88535503600193
152.50432432319394
151.16785194516922
153.4817967291697
154.30305972200588
154.41249837547986
152.31220525426858
153.01754678528354
151.0796637168567
157.4687278977101
155.29711711491493
151.78683053042496
149.2400663962458
152.98796943735846
152.55460756886714
151.62198818087523
156.31879673557992
154.54753524379254
154.72465237287588
152.823923650344
155.75199481644927
153.02284432347489
152.71982739855065
154.48978510260815
154.55003038061162
148.50746911697766
155.09493150145403
153.27096270420398
154.7253711377928
151.56341410343848
153.5606976548715
149.7867157678628
155.90704022962043
153.6724608517348
152.79230380491623
154.34046796696072
154.17907157650848
152.88768531913718
147.7829623472178
154.4404536542712
155.76721126272759
154.21472502071248
156.50514916255977
154.9346025516705
154.98600157210373
152.0692115084962
154.00659813497683
154.86096402089558
150.19535506550994
155.8062456620492
151.90795389114567
154.03125928406638
153.41373481468509
153.90170434648599
152.60286906546807
153.42357154823776
150.81423446550704
158.25043686301547
156.30944160654713
154.06578096597696
153.3173672607615
150.699054167774
149.75626138035332
151.5628406056358
150.87296142399586
148.4213877874315
150.35893208820323
151.33239243814302
153.61890332564724
154.0447867801389
149.63817679720307
154.36770048444217
150.12467555313287
149.0765910983492
152.13708664388452
154.8925929973772
153.22850605692943
146.65521338765546
149.37865437346372
149.60364473728345
144.1055692623534
149.46806242191633
149.90169003075633
151.03960949143237
151.78969928228483
150.58552161141742
146.96542403777892
151.22127782040337
152.0119446593993
150.79684116985655
143.85405960337903
149.00880221004263
149.837093110281
155.7063814675862
152.85224427413007
152.05147699098129
152.57485568557988
152.73668010148984
147.96475596649134
148.32844086950763
149.1401630070369
152.45966814776722
150.83972527818148
153.6594323325254
154.67447341397283
149.5554438298394
152.22751971332156
150.5081136821343
152.81952786017283
152.75898044450207
145.98069918967718
149.98715996134382
149.46261850570798
149.35737511379867
150.21631150479632
152.59422883804913
147.91705501061807
152.30019313132382
151.83125927354223
146.59243043681388
151.55223855731967
152.15718706819732
149.12525031802983
155.11867708085697
152.4260879407034
153.67015296777583
154.9089613899712
150.45503147493957
149.44027751907538
152.42930876682252
151.48265618534666
149.09907000949505
153.5615482294664
157.70117837969585
149.4031551076008
153.64376737466682
150.97820071263303
155.79260533951384
150.6951890477706
153.4783381274182
151.62298053871262
152.99730708401378
154.78004776386035
150.61567976089586
152.7806284361489
156.25682516159844
154.91863271357397
153.33669256883852
154.71842865577486
158.83293099593223
151.97392485183906
152.66891562777903
153.2464502299832
151.09763225159173
152.28510836863413
152.21398708238354
152.77484695925705
152.17481259394046
154.45200057779667
154.61986219825974
152.3955394990802
155.14901946300074
154.39159287093037
153.00425933141082
150.10256888924073
151.462618946938
153.26444688934117
153.9130956229381
150.39789767453163
148.72253475533736
153.4828437093685
152.1022275156841
153.1464385753965
152.6672352260364
155.3363170083769
149.35611982748512
151.9059761933643
155.33362020988275
150.8091893494948
149.6658125690048
152.90627569197514
149.29168975717513
154.62950848471343
151.61806768897503
155.64834501850038
153.33521971955835
149.48540316678313
153.04213317960284
152.91382047920243
150.02240176863003
152.3529043699065
156.6650703904492
153.16580860782946
149.48184113190447
151.37070389838172
152.02023711247858
154.61408825804278
150.67735039809543
154.67248558201283
157.32546718144516
152.1379068375735
151.997661036971
155.58215703048376
151.3172203332152
154.30167891125842
145.0832980237679
151.40730452328935
156.45073547453075
153.27489814163468
159.39335983718942
153.6479830668194
155.29575279167153
150.11493086908717
155.393009208068
155.52032682927813
156.06187536550715
152.19494837959186
153.4626539953644
151.28146717007064
149.65275644374256
149.25592409945327
149.55898746737475
151.76349167265005
149.73093109361264
152.75237268286344
152.6289405888979
150.47139134120508
150.37231445193802
152.42244036116784
149.5022268245599
150.99849834745427
151.81624932861425
152.49625896825802
152.02350781489272
151.38843520243813
154.24700653171337
156.43965407617335
153.923568737021
158.60726397977544
150.89307648798996
150.84363830702176
150.6395582354343
154.39092135410917
152.91357613892762
152.09861020614403
147.79886015553
148.07722337771082
151.63957891300558
152.480619214783
153.21072244617403
151.211358303891
155.1519568277793
151.68675711770842
150.80541822631156
151.7086472761368
148.72228233671672
151.9888546195272
152.1217326679171
155.15500677376843
149.83211468671178
148.43972908917337
151.82955893280624
150.49087431489434
151.66355634256865
149.79074755066856
153.2744409328001
156.58574540937755
151.4554417358563
153.0841517498726
157.42875743560663
151.4753182487147
153.06341621123389
154.07440669722644
151.86496884501557
150.14583227617948
152.61617822288653
150.32229886219474
153.09624255564182
153.3044030931366
155.02051945396082
151.1323509278668
150.99005681418066
151.77178873651462
149.16881471530826
156.08421218162843
153.70025644822857
152.80091059290015
147.79215065573771
151.9484459714807
151.07270837052658
151.39784349324282
156.5589964097951
150.55869868064173
153.58808429530967
153.18575050337046
148.55986318921467
150.92275249337638
149.46603334289276
150.86624110138587
150.38488801675888
149.34915025706266
148.75949451546114
145.08323698184094
146.81818743673776
148.3682298736436
144.9957890075642
153.94714191597623
149.62724121109022
154.54021773075397
154.208982415599
149.62328439442186
149.5931723167059
146.3899868748588
148.26421865544683
151.57486147611252
151.64613140506427
150.16079680290156
152.77562537235505
149.67664098761648
153.61852579830466
143.12595783392698
147.18275188584101
146.1199613239241
148.37338266757735
146.8625542581496
149.57403764213
148.72539854811822
153.53665520384442
151.12628992300802
149.90634337943402
155.42849899437718
150.39273764936212
152.8386404757854
152.93566162652814
157.29500230278632
153.36489492585716
152.26106610669197
151.29131103950442
151.8244918651276
150.80086398240826
153.6993024511708
147.41769055822894
150.50580363954555
150.3490454376768
148.29407535919992
149.53882319233276
151.4372740656184
148.48007241078048
150.13634558259008
150.75235237536654
156.1206575022573
153.47897057319312
152.7187062601152
155.54876535556866
149.85193057712272
152.75724138814144
150.8211508610115
148.29887072868732
150.4161026694541
152.42867219457204
153.04841905915458
153.80410831891732
154.94564359152955
154.0521486721541
148.72635193755448
150.1403883868371
154.7523173880982
154.08496802057462
152.57640316475198
153.00239507777886
150.15456949084484
150.61619327038395
151.23551076373425
153.1303806173726
149.5277189440981
153.33318801754746
149.41318751147105
152.2953832554245
150.013483668118
147.6309616146318
152.84099327347735
149.8008350356337
153.53375719813943
151.6387856877006
147.85872232232646
150.81866590877513
152.45419960745966
152.02167033401795
149.896986361364
149.69945591412827
150.90177541866336
152.4534886695594
150.7114021302781
150.8917004884978
147.93295060276935
152.0619200785941
149.7534419079683
150.20892734333484
153.2207980681764
151.78594141264395
152.0309902123018
148.85576411034808
149.7579460283143
155.84898718609048
153.34933934290726
152.69888381317355
154.74759475714356
151.7918778067348
153.96284459692868
152.11146456000992
152.02879840975868
152.10095509384038
151.21718181848533
154.35332364384195
150.92469404518613
156.1805016399498
153.57925038914192
155.5624794851526
150.36814736181756
152.51445633965255
150.8623465379895
149.29033197742518
148.8808764609138
151.7940729034147
150.4397571333082
151.50535458550019
152.56658744856168
157.0683812718484
155.48750536487196
154.30624177991226
151.60818098936505
155.22454789045432
156.15258740004447
150.22698433827725
151.7585594581401
153.75136891767136
154.79635296439955
152.18906582439087
153.01789628337005
152.3414331069648
154.31309245120536
152.88012796151622
152.34976246586731
153.9239397782954
150.28563079042604
151.57671416345738
151.24592172349176
151.84550308616525
152.36372429373444
150.71537605234204
152.8119483756803
153.65159856933803
151.85229108270516
150.72598214135917
149.87551209944192
152.64790473590227
150.9908281831771
153.02906239225075
155.2761929871929
152.01215703920911
152.2782083232571
152.30077636757255
151.0099399583531
154.81056310404352
150.8302618551256
153.8856951501025
153.4008902304466
151.74724752783783
155.1312078777678
154.65221171815838
153.6454992036613
154.35893241031536
153.41403948889217
151.96570467514294
153.46357285475412
154.73721005506934
155.64405727329702
148.29312304419415
148.29590347414967
154.08643582691698
151.27117184212534
155.14282317595382
150.82179727650268
151.99014828082684
151.70923634712102
155.7048907113533
150.59299480152816
153.17791229749102
152.95880702442923
148.1847411653079
149.48372040510876
154.56388811143242
150.28757694202562
155.12722594931137
154.4531642109841
157.38904198365327
152.8032899786668
154.5683972161105
154.844196084458
150.59784813673053
151.87972367960327
152.49895864510034
155.48213576180746
150.35356024566607
148.6631118190956
157.86244701136707
154.07941345989434
149.8638810453755
152.57042199453267
154.44572604665433
153.65498432822906
152.88647544608258
151.834580160278
152.11861585445664
149.0347186110476
150.84703374049153
155.68208374295565
153.9880550442262
151.473652930768
153.47029827232083
150.50085603202027
151.26307577100707
151.35690564755967
151.26410308712786
155.53648100611207
151.04502134757348
149.4891981716328
153.28972210418902
146.00442437110726
154.07886436523077
152.63689290774803
150.2306688106796
154.03130967731056
156.20658371700736
152.9596464620333
152.17101306782726
155.24879133907098
150.75575877013557
152.69688276859875
151.40836055929896
153.39051032567548
151.67435192096852
151.28625651448604
153.15343289332066
150.3572339527666
155.7004608557478
152.44516689942887
152.89938275308046
151.65539087094007
153.37065666003994
156.49039272594104
151.2118996032719
152.61910513700246
150.39863953772937
154.1005004353065
151.79772913270784
151.12250323083725
153.24533053960909
150.43384864813353
152.40445655046577
151.03221542763126
153.09694968111648
155.84308224559587
156.41424486704116
155.09202623325288
149.55575712561188
149.69604510545727
148.48430279449667
151.76981014624624
156.83743365041786
151.92883361665997
153.65526299226553
153.35244835637914
153.08047325177932
152.72002663657958
153.87122087552243
152.4993043462752
151.1172353087941
151.0854948159192
150.28633084284294
151.06367396787354
151.7930636885126
153.5176787321154
151.00295092604367
152.7384517187359
152.44329376863797
150.60253258694075
155.47746748141478
147.71264823340326
148.95560222035743
154.07365172140427
151.13754365766485
148.84966966880464
152.97098636994662
149.24367684746255
153.13821304592358
148.96884995480596
156.3104048728769
149.7278329072648
149.7894499213582
151.74728913557107
149.66732443317485
153.66046461053685
155.19587337521534
153.05588941449187
152.80054825903656
150.59130650080886
153.74723586595417
154.41227910668877
153.31516764872072
152.26817872647837
153.23236684174412
151.62855848312122
149.11498307319022
152.3995178564974
154.58788068876274
153.26885289751945
149.69992743737944
153.82276685621505
150.8212827027574
153.64031483225153
150.33043380029957
149.5078347393279
150.73029660032665
151.74421257209565
152.77742681049588
153.80457717522637
154.1148003895511
145.52944047208223
150.02835226968162
150.09883015769617
150.07474714331153
148.61327109007541
152.99545345445588
151.52010816949925
150.84581639154626
151.40448616113127
151.7065029622253
153.4633336868318
153.23470033460953
151.1602985934488
153.55814993548836
153.35433949147048
149.27561630514674
151.2668715722542
151.55595681889895
154.72251458513307
154.46120427464243
150.38621166012456
149.47935524455485
152.8481712071423
151.69127144711888
151.6736208710555
151.90694109343758
146.19171383184042
151.25119381997752
149.93288007815372
150.39052132741298
146.17546509083817
149.94264728907322
151.52514351562866
154.08403893744665
147.818993730201
151.8350633351009
150.0206987959107
153.0510567643802
151.12111377519415
144.1658880132683
150.7709540036076
148.34900606080828
151.90020825656066
154.46540571003325
146.10920937497804
147.95213768167937
146.89363862371613
151.17583114681585
146.77173739302435
151.4061414330887
150.54201479607582
149.68394871027257
150.53109805597973
149.30715916199298
149.62086945253188
145.11243652490182
138.22166255601334
144.6831219828105
152.15315700836044
152.19668205832767
149.71777690849228
153.13200877616148
148.95972398842977
151.4866885700433
148.75424326169906
154.12265514053405
149.0820702785927
151.0406083853283
150.7296194612001
146.44639333485432
149.23475909661227
151.40700652181218
154.40674634737826
152.56222566489964
149.7595356534902
149.54314381655445
150.79493725174973
148.54854378880668
151.67940274093647
153.25123099168337
146.252715320995
152.1847139258952
147.02259504245308
150.55334363324667
151.65731373228485
149.9831458894955
149.10576578786663
150.68780955484652
151.63971042788623
148.8841587177607
149.18672056659864
149.1135242728199
149.37682362688324
147.9377411271164
152.11041753846553
147.9170856820016
152.56548118807606
148.8513870917463
151.48925987551124
150.7064377440484
148.8815032569306
146.21488349167532
148.93998914748605
152.15105300745253
148.20605464646073
149.94230018592395
152.99597472357544
152.2621945397296
146.97578881639822
147.99460154847566
150.61949838954047
152.546420464479
152.07842009943892
150.42551662027404
148.46821990546772
154.38344971951364
147.744016362056
149.68014349076512
149.69709572845258
149.95500601847775
151.71770848102756
153.70093489173962
151.47067176500306
151.35684948351957
152.19807236880297
149.40147849890124
149.0900774057419
149.78521936795084
150.86095532753453
149.6362293796725
152.466153426447
149.44323394647208
152.94908422974274
150.40360740441855
148.448789872332
150.16177393365794
153.58103656511204
153.93950027203948
149.35274697695635
150.8186072562366
151.71144445702197
151.75141412384852
150.38186766094236
150.31392562211252
148.48308333791755
150.19499701268947
151.26307308547547
150.60169727771498
147.5022530145648
153.65201381119454
149.40635402245962
148.63343834859907
152.78829323200438
150.17073408766143
153.60993957349774
149.12600875314328
150.68693033607212
148.87307246485324
151.03205325964
150.81707146315887
152.95511300226812
148.28429310054094
147.64162510374237
148.61326817522183
151.75352025565348
149.1374538785577
150.415702443148
149.93246535319528
152.71937102632268
149.7379108654039
148.40525028460044
147.47271038390173
150.5804487083255
151.35340783839595
154.6501740473799
152.2397527491975
152.67298942154144
151.2778784878052
155.37016772483463
151.03375924092722
153.92712546522176
153.29902263872137
157.29351380037198
149.56643474904408
156.13638971711717
150.2216821854204
150.76258633210153
151.3552600525946
145.3342511851741
148.07257998779073
150.09533875017658
147.77353807816849
152.40628903513988
151.56419409712345
154.3733095039167
148.9847895381396
151.81456086436074
151.86578978908568
151.7986234628887
151.20909267246205
153.53699168409585
152.1803584185072
154.9853695459698
153.03791589694336
153.01013932686735
151.77212130070606
152.32218609257183
152.62215265705632
151.98602094866695
149.9982332470704
148.17446342574792
149.0032195484719
151.93507648167503
149.4105567161807
153.8369887780186
152.9796880018491
148.37414589367341
149.77416672086113
149.94402815310224
152.22255310916609
147.8076837923962
151.11405723167366
150.3101065992536
149.25690145556916
149.46120519470608
150.42044270066035
145.44372477966735
152.32808422772567
149.79387538923893
152.0454422611813
152.59523094344243
149.68534949231034
149.23700495521246
142.05818498796296
148.27732409234073
151.7034262188627
147.82916662308023
145.60923290680628
148.6409862909781
152.90407935194318
152.06740681714345
152.6333930669749
151.5095543118879
154.5171466253298
152.55578389958737
149.25403783409183
150.06944962400834
151.0182993435754
152.20878236665993
151.95618287856772
149.87604242126017
150.66842365574098
149.88612728051552
146.40456517566722
151.5876797653045
149.259742584305
151.22503271084753
150.68463211177647
147.93263753175603
149.692756340063
152.53102447715523
152.14694025420695
150.21762010983792
149.80916644599552
150.99654298792723
151.33582163649086
149.62934708538245
151.3204197270626
149.39675910560518
147.90495314307302
149.28427346686968
149.2187493891836
154.64396762134925
150.11040928227536
146.89438819253235
153.22636368011422
151.86664187737384
152.5975060608619
153.0302867152955
153.33684293760308
153.85786320621176
151.3133774746059
145.4419548845256
149.69351204679003
150.06236135308484
151.27898774778464
149.01810835037668
152.07858949971174
151.58921067235482
144.73421471621293
154.22337172222936
149.82203370144265
146.91606746688652
151.21139574527467
149.7557828315815
154.38843558475963
150.2172342886669
150.7912016232738
150.91915007043465
151.48755119463686
148.4403895057096
151.7665647666007
147.9827305700784
151.87853625160528
151.19533156824622
149.62815988784766
150.08695624789655
148.6567885978613
148.30687689660073
153.1880811388842
152.02056914747175
152.47854693734016
152.20086972882237
149.49272143339365
149.34925685338604
152.77659104258765
148.96875916905222
152.67340120007472
149.8511352158414
148.9270308797121
149.72310390665922
152.26723119031837
152.15638587656318
149.6188708465785
150.72818847754397
153.18319666010606
151.18722992889016
148.2725616459507
146.31894172646136
149.68657725596836
150.7517152601649
146.57696979218454
151.8667120712127
149.48996867629816
149.02481973896764
149.93733050250202
153.01800008102202
153.75299166039767
150.33309647129556
152.09507294278436
148.52707793884034
151.99360532204682
153.53135256280063
150.43955475163577
150.91936952322385
150.81952973157186
154.0088710799951
147.65354919308578
150.2628572272172
151.67247815565878
151.05261138155655
153.11700561609078
153.22949706209644
154.02317157577923
150.80515287208405
152.54768983840293
152.88469885814382
151.18816517378932
149.10813272541918
150.62020376479427
150.4173357188145
149.73066608417395
151.42855133941953
151.4335966118251
151.48011838634588
150.78191739393134
153.24233472550202
155.55898848466478
148.9141162000799
150.35484895080447
151.2743093575925
151.81835011963486
153.22894392071328
149.46428118400323
150.38040032054022
148.4794292771031
149.8492245365726
149.13479302729138
148.22310276667383
152.31152057663257
147.72303037880752
149.12006095432994
148.66685286311576
152.7075103780752
151.30714422502402
148.5478898102764
150.26876154594544
151.5221183173185
149.92988321822625
156.67063278001638
155.26881720043534
150.9959003136402
149.31488246336306
149.6662997201647
149.2895475768158
152.49378135849764
157.3046349776432
152.22113617457316
153.0757281867286
154.92695815511064
148.87900032175048
153.26987463506669
