185.75742811000958
169.22003741311423
171.28276175646408
184.4569315735189
189.9028928551546
161.7139225977272
170.0887006800577
180.69830691823222
174.57227919409937
175.5630677078287
184.26374975076425
169.9754580469331
165.35114681926092
176.91767834252005
187.94522121546905
192.3748670290158
173.94366584974412
164.34326370760846
190.30247554267189
189.56542345506585
159.48948167954995
166.94968920093095
174.48397820200427
158.22728594584066
174.13482675518742
182.765010173846
179.36055893016604
181.26835888825957
162.90961406271092
187.49935896594792
189.00588166159923
176.7975601199401
179.22800293861727
190.1886813386509
191.1178086959172
177.4240137261964
157.3975175092629
178.6787727566197
177.53027049577324
178.19182064744598
189.7188836374953
151.79474224301293
185.10723788528114
171.9956524257508
198.75391081624468
170.60088655786726
177.38739799616118
190.63602131008332
173.38603535353576
184.24946747917733
180.66992342900497
184.0943215147276
184.52438039994422
150.31015867187722
195.4964604262875
181.82466509876926
178.95605860626716
164.58969921916176
175.53507706148912
169.83250836115496
163.92380198651156
175.7313764331466
177.1393511255554
188.64971122911635
191.6950790233326
163.81720770120648
190.31841623406262
189.39957603579956
172.40555369895662
177.60271956412072
165.34774480099944
179.8177634032586
179.1074725079463
189.69993213860673
172.76497372038736
166.90758306182306
185.20710930733068
168.14653160539712
149.41527101690357
171.18650951366487
165.96929812093416
185.1077528854003
179.29159575858486
186.90878505055858
169.51444172823378
173.05488218664695
164.25724628641277
183.82638818634342
171.16870032148125
167.61396168134334
165.36731450243224
164.37370083490327
177.67856775135553
184.7368915206032
174.08961996091722
179.35116263152352
194.32877495637706
174.69484021295614
161.24787705585658
161.0310571672655
172.11242087084278
170.82699535871046
174.77185653459978
178.5638917134233
176.30701231599252
181.55777309445517
173.55402720313649
172.40328491040228
184.95924419131282
189.0551348106254
183.38234250727172
162.22216406482468
178.71570249454228
195.08435265920238
178.98880420401795
194.59429516749648
183.03123486182747
174.775180153532
175.27223181119035
196.63151806795025
183.1532929092068
195.6099718137542
174.51033225922575
173.30715105019266
193.6989683665749
187.96989445311192
182.70332684009267
178.66696109002214
171.96896428064036
188.87586064835895
186.07396235396055
180.20331549561678
173.69644317513698
174.8842269271167
166.54895003808966
182.80071400937385
179.61959880728713
179.43021622149084
186.24528455101355
189.80284846692152
191.04954145329978
165.09131531283347
171.45563036789198
191.26238408829875
173.21757705584093
171.93852635737156
167.7922444219768
159.5060806814563
174.81442319453498
197.94426880166964
185.44076921615448
152.84411918285608
175.14406055051467
187.21023626570292
171.22804360222133
183.19283904061822
175.79239964831422
183.43661208998992
188.67781861076864
162.56382847677435
172.74121152508067
170.06120916786776
187.3333473695068
160.377789066197
194.16629903758883
156.64177647925726
164.97208975051956
182.52630205385225
152.78888062946038
175.63731274769845
187.13489840407894
179.113877474004
156.52785712582335
171.99836393654581
184.45678189922492
176.03946860138657
177.08514843575531
173.50751107752785
176.2297851349284
185.0770353756651
177.68928768293654
185.4274975554222
188.9347114311985
159.98714392622838
190.35663106933885
167.1533047043323
155.28763729639905
187.86857347278993
160.3775900637753
177.27565006303746
187.62984068114127
181.78733308789674
177.84162295619436
181.21064312784245
179.97862136661288
193.05594615081628
172.00053967570037
173.64429114180518
172.08443548825633
172.76584416617067
163.58721531768265
171.89438126496862
177.08019747333003
176.7394863159682
186.7893808984564
185.81848525555
177.628157967095
164.33725283548821
164.70035594440455
173.40630899943488
192.3281000658954
184.11158187909464
176.27356313760475
188.4240553878
187.6384475641287
177.31182275437084
163.72944899173677
155.1991114843534
161.98102161643348
177.50078159248957
172.82189006758736
168.50531828594455
182.3412910451759
181.06886454005598
178.8219421311791
160.99701412894402
176.1175152455002
175.21075542886854
169.10963869005775
167.35950217595757
193.90896943576
173.6320535918447
191.88794732061297
183.5097352077128
171.31070385303946
173.00913090411214
180.8191067991551
166.96172702706374
175.03106610501422
163.27742483481893
165.54007803940058
172.34147962025654
193.6349504318924
184.6888807555235
171.88858383631904
178.79660692309912
166.2833860172247
183.73083647505908
168.59453719691325
166.7191023974588
185.27900802346917
191.3939001256091
165.34654147633321
188.42145096468246
182.3926566830598
181.66225272864924
187.82892403753362
171.09696913857508
175.09762471830481
180.98003371097522
185.54688998836076
166.50264861533643
171.78436696685557
155.68001460102286
181.009061805794
180.59485938015746
182.20455611098504
181.52480175174915
185.4402843773451
188.42294567858602
185.23624240313583
158.73395066211444
179.36652764544203
183.83331733783936
172.47223019929325
187.47960984444725
177.0509967294135
165.5496950047435
169.31598898518797
185.1483030483682
185.45356975199243
177.09939605738086
175.3377778254764
164.92059301071393
160.4339653900638
174.8094353828696
171.5048790709982
191.2282032382687
167.94815033584004
188.21034283049028
178.50534363967893
187.2259102288233
172.25564447866861
193.0685428856736
175.50963892828963
174.4639794840262
184.40916668700913
171.9121875058069
181.63302546098456
174.0862133058874
177.80497126689562
174.47148843633283
186.37954304353966
173.23107780489494
161.4807493646169
179.46178343093123
163.43516485649315
169.77582258115993
184.99954438463652
173.473996922197
189.11393185574002
177.60306261893672
154.43070412212168
178.33017822338493
158.16393447039033
176.29723018117468
201.776853343224
173.84989063140807
184.58852008542146
169.4608365692047
176.25986324604813
181.3098237942692
188.51590875598532
166.4687815960185
165.11376774304642
166.06037642844112
184.60919088362257
180.3445043323996
179.13474252890248
184.60164858399455
170.78313320830486
185.86638066258033
166.4475877219008
186.00465465346372
193.15605781922486
164.94386784368825
169.09966575946333
153.8304933271327
178.86330596822268
182.3666270112935
179.85899898888297
163.88887838717588
167.43618834205887
197.5805963623778
185.7492052961147
168.22707598624066
170.35237885603436
173.9920281258617
181.9657201480072
177.01502391149353
169.68252401063805
184.4207631498071
177.66752408109477
168.48487336784396
178.6785002035319
168.53708959343075
181.9877836672887
180.39615117017496
193.378037307771
189.71575090503623
164.28424947476736
170.3473653128878
171.10327890532162
173.74891222851792
158.78789596498038
163.03908333122186
196.63100424832277
174.11051762347515
174.0033210565368
185.96387505051015
171.89345502563134
182.86018879147457
192.49865661216512
189.62161267248098
189.7681792129456
172.74459330311723
168.81140034088273
177.5892070083078
181.9859668100745
170.92848325606474
162.27870510783177
182.2183733636543
179.55900836694164
163.9496676053599
191.0885276292875
178.13517174437882
185.36933499060163
182.89512214180004
168.26095734600025
170.76882168902668
188.68273234614966
175.9242328696134
185.10825111298368
165.6239145474943
196.36694347031104
177.9774030130018
191.22772326602552
184.40430851433035
185.6297774638823
162.09556424447973
187.22760244678258
185.94267850697742
177.48817894777048
167.0227214715419
174.7794066211205
189.27070000172037
164.9283917693818
178.17142252818059
164.50371288690218
182.58550336897355
191.99604968996954
182.41925885798878
162.48723655503326
174.23875425485573
190.28131574219304
163.4039200247149
179.31125793399264
165.0950867768272
189.5579675813498
184.91322615715063
166.60894310567673
178.7977346666597
192.1040054845951
192.56460652650148
186.66510549817886
186.63575542442288
165.30016536889534
183.92741261285107
183.2327797452832
186.27126633507817
180.06918879779707
179.694343760329
159.89885760893955
196.91972762250924
170.11379953567672
170.07319201971188
172.90043053803805
193.00959707964066
190.14945321287277
188.24155734263056
160.5661406925366
166.94766176513806
179.939256583662
180.9259206821733
160.72798475269894
173.80502124968876
181.5586284288911
179.99356277009537
191.59284006524348
198.78218155242112
185.72623297264403
155.38978836374335
187.41021906009735
157.72763175097916
181.3701630822992
186.013537542635
174.4754176237005
186.60895950908915
177.65833102951652
187.20455082407446
168.58083524738748
152.34314647061746
164.4961254679391
189.68589614450045
190.48245527502365
176.13290174384397
185.54634829258669
160.637975674099
187.90997810475184
178.95431022749244
191.81830243899944
182.75328833729822
174.48227864207013
173.82370860513942
193.58592853068689
152.66897563314564
181.696965913856
170.60711223950184
176.60259450070734
181.82857875828432
175.17882851072213
175.56477635701543
182.3498822683852
166.8385440163517
155.38123107766245
168.1462597819724
173.88990798709136
189.0061530088182
172.96701547405306
179.05289062791672
176.69252195585102
151.55924199091777
174.2314303020164
173.4689997074012
176.14939671115175
169.19992819983113
165.6816605255129
191.80400802000784
180.08320816974492
177.56102766224888
174.70276745367516
167.28752825148277
168.70398512756697
177.55691146377936
175.68727581031854
159.88663823529507
175.1753878207542
189.7656403972739
173.58346616411902
174.940355620202
181.83155953817192
183.0810954699007
186.07182739856185
184.2254848690375
172.24118932996626
184.33349981041647
170.6694636578617
174.86474144111708
194.8058148234721
164.62940615045574
179.04447739890676
188.75468552576206
188.54341988737548
185.30904692078028
170.31325736935355
194.32891173983828
161.8578324114591
158.23257409961994
180.96789492197712
191.72011785823588
176.69598893231853
186.7767441003936
185.1676450125655
178.847585336994
170.62220291637053
188.87645565357522
172.22880785422404
183.47602520455712
185.29500230447908
175.47047219909638
182.83786744090602
162.92116102366504
158.26466975521322
186.07557758535168
181.9153812018923
180.86250941797627
167.92885879906424
183.6617002712997
165.94911620738975
179.48139716702732
174.01800513066965
178.9409573462666
180.57630750148317
183.4071853558354
180.62069898920979
159.1515633630444
178.3667578261422
181.12964480119774
161.26905467669164
163.2903453286331
164.43634946055312
186.63495523349152
183.98696866376417
194.45955014469072
188.96523723218596
175.91245891480287
180.06267488406098
185.73213746756213
185.69872613762627
187.2466781686619
166.8451020063632
197.5535134742821
167.6903601663024
171.46015087339765
170.63871741447556
171.15940308146065
172.98346292239614
184.00051824462227
175.09424481599777
184.28781025399007
186.31242069927515
193.65806738876907
181.847519212942
188.2306225041541
174.33097001707378
186.57674271856064
154.79728488093662
197.78070034749933
174.64137389484614
177.84547204654035
184.02711451146087
178.5576744743473
169.77331215043816
191.50101045432015
183.23871804470477
166.91788978040321
182.0693260475257
183.86081517954716
169.5391545539202
163.86484486129925
198.811528823313
192.3563786880094
200.6302331045101
173.30347598737092
193.57974426350413
177.70622177138597
177.7729184325861
180.3937668190792
192.67287203350045
181.15760348839197
167.41712219624202
179.966491716222
185.59114793472637
184.63458155978913
192.40306150727562
180.52273351038673
160.8579155901468
176.78297582501517
187.6269962463353
184.53630804883824
159.12640144020096
172.220850917543
190.19936352823697
170.65353274907267
176.20151111165728
180.72498854688268
181.059510477447
178.08506735793932
180.88790814964295
191.3922261234746
175.91020702201925
187.20408912691107
190.22624157113523
161.56399176114041
187.4062777676922
192.00290495328701
164.7772854349923
184.0187714603966
198.41679682097626
182.57154250747053
196.54120509555582
171.4459484465301
191.74645401135928
186.04774760018333
180.09523183540188
173.64164696590439
193.03688090109472
170.93352938717092
182.41599759770338
179.62661574198756
167.12219134546444
194.69204181106417
190.01019989487503
186.59326417910606
182.01386079969114
174.881554368108
182.36975873293773
183.12222716268215
177.55229667097325
196.58254082614167
169.11140744233978
183.59894859735888
190.91915230379794
185.72948586197975
182.02279158296705
194.4897843194666
172.46164561100784
161.68013016256518
195.69894699883258
152.8153448649639
188.79171296789463
182.8787713981838
193.03872604676698
181.93101367975427
186.26631967250398
173.5757287304348
196.8719410773208
182.43730048124436
192.0325639272123
184.76494533944717
173.49273049298182
167.84153379108207
192.50553802207565
171.47272899781464
174.33837924706847
186.2942343271739
187.07383230617262
168.5610359059838
149.60623821936332
191.04199344700507
182.30816978031143
194.06817453064997
170.0823394335111
173.27467937652352
187.74397250199866
183.14954817980822
199.59847378495343
188.28112053605508
164.90666138726655
186.83298659862908
179.75447432140882
186.23768186943954
190.74275719885335
181.93448931370045
189.9010682774229
169.27080802461222
174.89000193613376
171.0204318103391
184.95278576942565
199.15616151682764
154.9855610354847
176.85925586651754
172.5595129946509
191.83583837776234
179.83942066134975
190.2927346138955
187.41036889086894
172.2677866307468
181.15925717552628
180.34668093254604
167.99347309566284
171.36761559275067
165.11014946659026
184.6059361408395
177.45250591000146
169.07719893223802
173.23114030040426
158.07133509688984
195.86415890929925
164.07916621612657
198.79057391740602
151.5841219902903
182.01372508156354
184.6114954905556
164.71582085261477
199.79491232038603
173.6641300785186
168.41544818929322
170.56959444104876
160.00244490831463
155.41396611895306
193.9625486367524
190.6661430110255
188.30226887796016
186.58371179965982
185.27822400336922
179.57866266935306
200.037922203512
186.4554806284085
189.75805185681148
189.30552289120158
177.73769733197085
171.68245629548488
172.4733526550503
187.7253676622502
177.51841364554323
195.0527516165394
183.13308746399724
189.20232729324894
176.37707631211467
173.13903163339512
172.67011657571882
203.18225948895915
190.4697899168114
187.83547567708754
187.6177407854534
186.799048916504
195.31151637618643
179.5020401115014
186.56332197691964
180.5170980132666
168.397793976786
167.51520728353054
172.57122251772438
188.00047662251228
181.58857362878476
194.69364760051087
188.04804289492412
173.70521814593303
197.02353091982627
174.8176548602104
170.1225555809784
194.84104713197996
166.02981351364204
176.55083369580774
166.50833282784572
159.17720878270808
154.2295177867942
173.73014524622866
156.1284335016619
191.95315583240696
178.3307674919986
169.35994145857444
168.20206080876073
189.22728491808314
168.4230922963062
169.7327615402728
167.35635860165905
173.78917610146732
179.10651360282753
179.73930812030443
194.14999483389522
163.11718001992747
176.7106109429358
168.02606071849212
189.23280779089728
164.8146174663406
177.90338609827228
170.28359101822636
181.9020814996293
174.21480540014716
192.78340308920696
184.05681904443907
177.42004170331813
152.221852957873
163.36372149118083
172.9854167992139
172.10611641341475
184.73198895278458
191.36200889110813
177.96203744254086
185.31797815723436
173.43783328992808
196.26329127973483
191.18254267417888
190.8613533382052
179.29743475020607
178.6908592768418
200.74179537613435
173.87416745694753
192.02145561294213
174.8359688461517
196.33971501990592
166.47301927399582
158.58724948694285
172.0773051864886
187.73326243715331
173.96872313733883
158.41427500117544
183.18839973409646
185.17895640533547
174.39222241867083
172.65267865952205
184.50207211238407
174.8905401158314
166.01741641234565
187.99659769005572
171.70021555004016
165.28463833283996
192.41674148086676
180.6926910591303
187.91346677005075
182.17877051944618
156.91116478720238
176.47534090653255
177.2309157585889
168.28030215594163
171.30381519505906
157.8493529599795
164.48245981180554
184.99547124067516
166.62611734012987
191.6364323549893
181.71754599208052
174.25628675522418
182.59210475545984
172.4356309340926
162.6222585923757
169.12361808785394
163.64136901071612
174.3128640256862
156.2203515339937
166.98375370734078
149.03816449830467
162.92186826507202
167.41068325112266
190.9617929163989
188.527966824995
180.4898680809572
186.1030561056945
195.4967595848047
179.74799152325812
190.50928610809146
183.25156163798263
159.8434328874667
161.41673766498016
190.23387419319315
162.55695353844766
162.520098962619
177.5790209573206
173.23075881986978
177.025786441176
180.86249600504541
158.61827177990315
185.42391966131657
162.74291764580678
175.5205200880462
188.33107907774743
190.78980154524447
156.68956633362555
185.33876612596177
172.3113416821181
167.02759107469387
182.72107685866362
177.03521273490747
181.7094189677142
185.29929977836827
186.17117852136255
181.15149825098445
183.95337732371527
169.92789081393832
195.43813168962578
177.09040222982006
187.33270957310788
173.44320738442806
182.7756430317239
183.3243112232128
189.4801908963952
165.31734545571086
197.1850662815857
191.36916907018556
148.3826519758171
172.70295845558115
166.59862556141584
156.34939076021834
170.9005064911904
169.04244100543556
197.8375224907084
191.0902277700166
176.06521538658657
190.91647015630846
177.33632126631142
170.83097164014205
176.38412841367077
172.02871050593453
178.91249014575723
186.88437296060818
165.2231932314651
189.4552963000793
187.5527734127332
174.94773611099322
192.68780575713885
189.67254050174577
158.26820651488393
183.7860729479989
179.5184017768563
160.2203799482924
178.55221900763112
169.1084213447149
185.07247990429852
181.30011431745774
182.2961796511398
161.41153668162744
149.12617903126966
176.84728929075933
172.17519305088754
169.0447072693993
160.88318676246874
194.2637273875979
152.59153350628102
181.7901531817877
158.41945352102078
170.63052375941825
183.9259899446175
189.27460937724064
155.8583644194582
177.59499459860334
195.56687147209317
186.7514543531621
186.72980057549051
193.79225396786654
167.55116832814218
183.8423645888225
166.05140691442392
176.03541603563795
183.26250507260943
170.6501238578481
170.55322141234956
178.5868886665725
170.92223882063342
175.0199466756364
182.21250510406705
169.80449947155705
168.76793661842848
176.62696152915768
178.01980554303708
178.11108248202552
177.4788875103533
172.3770315504172
154.89820934716178
178.8412269776305
170.195134715139
153.00218558560314
181.7385917616495
168.716066072201
180.72765374937376
183.93798563542768
177.29948207243532
159.14488313158665
173.9474391069915
179.4689947502566
159.58635315547775
183.52629454648056
186.32244362683383
166.4425979821587
175.90524981049737
186.30956902618954
187.866892795036
186.06093578155827
160.4294052118025
161.79510218987602
178.1957802731608
184.18684116476697
194.80180823274156
189.07374444950565
187.59432870879823
191.2823850873335
159.88715655753754
187.24019067362272
165.33092566473343
178.8701206324844
181.71171269924145
172.88185807998676
183.5254769168112
182.43105146740234
168.97010646572585
179.32845078974344
180.76155673222794
179.5206061289752
186.79238584939736
179.892188801565
191.47496100327467
187.0325937968232
179.00837974840397
161.34121139145196
174.0861405491788
179.7334561040861
178.6891476077951
163.6216021727886
184.57347972389124
172.88629636385565
180.08313180769153
191.73812709368585
160.9708516060927
185.8874351383175
197.64764934239028
176.1633986550623
185.7849948893512
160.95172140727706
189.30708236857538
198.6752975173949
180.8287304809181
176.22469269591767
179.53670057308096
166.0792003753644
175.83474277236428
187.39536681431383
182.410719257682
152.17534609315996
179.06445525041784
170.32016599205787
193.88051677419526
181.77152438653553
168.81297608382764
183.17996308726345
181.771685146116
167.89230795688624
183.248441637488
181.99207073692253
172.56890460413968
164.84151039948418
162.0782942075372
170.76068358985577
168.79513464658905
174.88343305394235
182.9390105037921
191.01003926016622
183.06404798282412
188.3420740458044
187.657194366207
187.0410548260829
186.60658374652158
181.07316075043494
173.59600018185228
177.9505889721558
181.72712531128582
153.03621854783555
194.40769646668903
177.79018151173628
173.34807351213618
169.1519551511195
173.2133045946636
193.5261631726103
188.73713922778708
177.1461090389258
189.40940683329276
173.37715915870487
170.33144112097435
175.51451812489447
189.56239374775953
181.19062894688125
169.04666747219036
187.15308112307594
189.66559537712934
173.230584793959
186.85540398505756
176.91627555541558
184.4870093764626
194.3457898553673
188.5256353420411
179.7789423499244
184.45820043181627
184.4860405951807
178.74667656173273
186.63980584070245
172.5057882087657
185.6007530840258
189.15692226651254
159.81059011509765
178.99262785109715
194.7809540741763
170.88752670150527
163.75475947041014
167.74807332984795
186.17950943096008
182.19837814954155
191.41807953057312
174.00022363564742
174.90495448108646
190.86368114256507
187.04004356424196
175.25692296474153
198.54950623140974
184.5532745139465
196.0978519669118
189.80941995349534
183.6990707809098
151.60874037021784
185.3438266206842
161.12891021863717
187.72816350551517
171.0049033257126
182.84684506271228
191.89989101144744
183.1157778124902
184.52190317568693
174.07235401944823
200.38164229566348
190.5756357801505
179.60147477815755
161.07735786314106
184.0762535756556
195.3946224231897
188.68663045314577
178.78469980013463
182.65131671326117
197.94399203438834
172.9943159578656
169.16745506865752
191.01063604881855
170.18908951232777
162.55563740676018
180.90463856015512
159.35776192305943
183.015531120219
199.39913940298405
175.1754398009664
169.8462880375438
182.3509472651916
189.41949013084638
178.46433974996137
172.0715966080903
184.36244276009862
155.96597516092405
157.75430079937473
187.0308505347594
176.4851404045381
167.70611483090624
182.34675665376247
151.32621334350392
163.01205736230762
168.50324903665387
190.98322815146565
176.23984027678117
176.23717332182363
187.15422236163596
185.1690504905991
190.83546975374352
174.91974452324416
189.38394555638635
180.4507085236737
186.16470461444732
177.63948803618308
191.48832398650944
175.000565578617
190.9834857643242
161.67349991678736
181.4952993803493
153.70749179424288
179.19242062910004
181.2814017700196
165.27659703630655
197.3708540354299
187.32407497679577
186.95382460876422
180.4736183088052
186.87768597504206
185.94726296518746
