153.13114039349205
147.34331605837951
146.674577288919
147.6890369282725
145.22709734749102
147.64555831708404
148.772405759174
145.36439884168996
149.31316501511765
152.080510765934
143.59276669759518
148.26930234758288
143.6831795836571
144.36199560275995
150.67911609014948
151.80386743311615
147.43441419915695
152.99746473241564
145.3070279117944
145.69362732390405
143.1310751839557
148.50253654230852
145.4741354000998
146.29388077130724
150.15530992930985
147.63564220156746
146.82189528591508
149.7824649286138
145.52986292702144
150.64722234249422
141.48780086199054
144.28398136180766
149.2237485787835
147.00200661263486
143.9593921525522
147.68199962537435
148.59970490688684
148.16528360163898
146.12799230709146
149.80385051559264
149.58239223383697
146.4400546827882
147.85418504959273
144.61531712462772
146.18041384131138
145.8188307454801
147.32555990542977
150.31530528852733
146.23856374490566
144.19164356781633
149.50220834053775
147.3545355370327
146.09888124552236
146.23340817322998
150.43785017701813
148.7009912904728
150.46180761882013
150.75233678455263
145.35901020246413
148.8347760627904
149.6475682336096
151.73329258516145
147.2492841866447
149.30685823727987
150.07161337878864
145.5236777906532
148.54272473980075
148.31107416411783
148.7788284051806
152.6176164719535
144.01629265902247
144.39779106924288
150.27642831248244
152.6125982919781
149.718717508531
150.68169817650266
147.08538487642375
143.5206977307247
146.70286921146482
149.56412479787724
150.64186111382728
148.39811091042012
144.48225091559607
152.89286327634062
151.37683587979112
150.87444011526668
147.91721339808447
146.69753638473915
146.803590981807
145.8581879803454
144.47324636823956
146.48364971892244
145.54199580619593
147.7278215357884
141.9213857802569
147.67915909345308
149.96946379398773
145.0229938510008
150.24174287673122
143.66525552510487
149.11257019638558
151.06717252859582
151.0142993035988
150.94605681147485
149.1068713879703
144.17264531917596
143.91514259887774
149.10370298086394
148.47726057763742
147.81330700490815
147.26109109627956
148.18559447882168
144.8636690292283
145.87973326384486
143.85877954850412
150.56355804316706
144.99667682292855
147.04766982474473
147.84596218480166
149.49769595894182
146.33984319683574
147.4708014075929
147.2603610499603
148.78066688485004
144.9754276015572
149.8289221798662
152.64793434810528
146.12938424437442
149.89101479533585
144.17907016889413
146.7126584487138
145.83102346062742
144.35399096493418
148.088424144136
150.60311717845832
144.7451134168498
146.95483437235737
151.09046828372922
148.97169236601997
147.83827011579913
148.01533414834566
142.6874279964103
153.46884714224439
145.35804125330407
148.66223973292756
151.51003713968507
148.49380463022908
145.9903611555691
147.19790938490533
148.80903533151337
150.98364603227273
148.4183578993354
146.62640808134861
146.86721045791884
143.93181086062097
145.84327104952465
146.04488969519065
146.59065048263017
142.40727597732362
143.05605144848766
148.13427014904983
143.68305771218198
150.88260412775836
145.38378663837733
148.2356324108585
148.18601177291745
147.96945379790267
146.99324492172775
147.37288604226558
143.13722682601264
145.16662893211503
145.55164817096875
149.21217404400517
143.47743180268682
145.91462062933513
145.92976534070678
151.46062503958277
145.73761873675235
148.13549754214154
143.67794676421403
147.73933178674815
150.48150015520648
148.795788399811
145.27630077927572
146.8903379798207
147.0773017042234
144.06191281611837
142.0501901174203
148.4194745462919
148.47006147325357
143.9650220969126
140.17661570300328
146.90914343963627
147.55087850505512
150.3894680662847
144.5716360199673
149.19903709703772
144.89669756293537
147.9849742088076
146.81875285544618
148.11204939357552
143.67872700116322
146.27884403507286
146.51149637245265
149.62029313159567
145.57794407906422
146.58225085297914
145.82717435234318
147.39640675883754
149.17264105121228
145.95963327447873
147.70029446152571
149.32143489730475
143.49977995197125
152.1852367322998
144.75356970540892
149.49589511904327
143.0368264627835
144.5315641910427
144.54068113097966
147.0694229748101
147.06015290951288
144.71675886521146
145.92501703237863
149.72840094251322
150.2045765109723
142.39138037780202
149.05286207271772
152.2720777189062
142.5148833766663
145.77268402716402
145.36926445374633
147.42726591924938
148.79880181892702
150.0198408082764
144.95711260062617
143.56375169646242
146.92792390093416
148.5245269125169
147.36974601873186
145.7458156716829
146.73900141566992
144.9344183462028
146.93034686866991
146.95010474455313
150.38397397824102
147.85524914975935
142.0160638729951
142.88255351780958
147.30740328997726
140.9664424264353
148.9229922124008
145.90171982159094
148.26493174457997
142.98216093239787
147.7103353054097
149.51763961237765
145.9089691384471
148.3351314601222
151.28763451513595
143.36476035805802
147.7510479751024
149.27655558999822
149.0022631288347
149.6754142974854
147.28418001017732
147.05689910225067
151.72247440323792
144.4123734049306
147.21287747808717
147.5903441505167
151.0063319867639
146.16346350890083
150.69933673031198
145.55416170653763
148.08687205194963
144.2464503196682
144.46377387958938
147.90534923746156
147.92784544801128
144.03327129222396
145.18101478567354
148.80975924027956
148.13241060463702
147.75958698058307
142.52199093357024
147.52311336328225
148.35505437073783
148.75791638585838
142.34839564921538
148.08251650598697
147.90042214489068
149.39445974899652
145.77439523807655
143.76680741264917
146.73825574626414
147.1410320806899
145.6976120359959
148.51683634599937
148.8437213399063
146.15684817411687
146.8221049479639
149.4338092528762
150.9802992119789
145.93135803013507
141.26046019063443
146.05598269331583
147.35561686527618
147.43748883731107
148.09541380632038
144.76339890836388
144.377350672633
143.04666554234285
145.90232207368712
142.42105338800496
149.917554690966
146.46156070508698
151.4633114840285
147.01994837409725
145.45089303369193
150.68952078361195
150.1565482003825
144.47727558634554
149.01642271090162
149.4664151622234
149.82171039331826
146.00334775981435
147.28897184642855
144.61076368709584
149.52786750560895
146.7482741646864
142.85260097848533
147.72135386484558
145.36589612299113
144.51600825897052
149.24593109390128
150.4281200865027
144.34063259975517
146.10919445217638
147.98775012097443
143.69604858831525
147.78894892827054
146.64357879139658
150.2932392222633
143.9675059814456
146.41305002042432
150.35787287697482
146.67195458195246
144.75196010502262
143.29285346023718
145.77058927933712
148.23689176013647
147.89966815121983
144.1065667302375
149.66114920933285
146.3821507861852
147.6075882814818
145.1072682108626
144.19409766197023
148.57076919380447
145.78613331868783
145.44002384230976
146.3792934871741
148.17254695729
154.32628858643156
149.11227488601122
147.04816087589296
146.3652584024718
147.93810102705234
147.49243376436715
143.84628006973549
147.3653596992378
144.5633604088048
148.54485666320758
147.7228567462384
145.20663568183505
150.70371477229247
147.30054646160366
149.5166717103463
144.65388971454266
149.65398064105943
144.38930368674107
146.43084797605442
146.744236442097
150.7520364088827
149.34644535504654
144.51932884210356
145.62984449513038
145.0993190485477
150.39033562171153
148.60842890786446
146.1077894576758
146.92443133555668
148.5101982867752
143.6336212556351
145.865470849574
145.00752655673116
145.19626084407045
145.8044789561308
146.76545874189662
143.777058020191
151.3453387712247
147.7880687368782
148.4437674335026
144.07684185136117
146.019057220479
147.87342831173467
151.9854138268765
145.75346244249712
144.7037808071718
149.48532671578116
142.7433689065479
143.8893323250768
146.97210256742565
147.92032872881634
149.7897964336252
147.8143720353863
147.4280531511207
149.2835551357897
149.53504319520937
148.6715859239364
149.50384365640414
150.73222692381006
146.60082363525325
147.5450690566618
150.43804929005148
148.42106432113675
145.48985574247817
146.2506752285369
150.5738242172731
146.08542083310647
149.87026784348492
146.76814923159444
147.60616192463277
144.6531164550276
144.7681352550468
147.6523460711254
148.97147377650793
143.3357009239518
146.48843271137088
146.40862264906644
144.55216792050354
148.0989865940614
143.65032753777095
146.45392939919063
142.9291806279972
148.62412134318583
142.2858530979676
145.19949002494144
144.2412685064992
145.94569072855876
143.43793617836826
145.90686726496244
144.88275136215157
147.9744069893386
146.95110482867344
143.59651051684497
147.85268125628997
146.63050366865093
143.76205847495012
143.65003608423737
147.15799526085917
148.24121639460486
142.66566885648922
143.4885468025423
147.90793197573925
147.5031004071194
145.53110988963786
146.78160860451652
146.25272731496312
142.321474350685
150.48783528631753
145.08793627703236
147.69129507620957
148.67166330413545
146.6150903054191
143.8850970362522
145.11051920336217
146.22781529213879
147.38703667553077
146.06072408274144
148.0603603754386
144.67567815205712
148.36994695101802
148.61009255126294
146.44580560073388
144.55407794184032
141.31674788705357
141.7901133472614
148.49838580652556
148.625247967308
142.95954515803868
144.59815823980125
145.19028611821065
149.46434594724218
146.111567923886
145.48712844271978
146.03511835178395
142.41951413190893
147.69943982922064
143.4968419744065
141.94031602331376
147.54590648099412
150.17119101011627
143.55522923017185
143.2442826883778
139.8827028383698
142.58784349590803
143.37077539470008
144.6086597003695
147.23419667828492
143.62115006854182
145.72118915011183
147.00704974221904
146.5572579626597
141.63463293611247
144.85728199464512
146.8629000790438
142.98906508340164
148.31120850764887
144.00411934205232
147.47582368318703
145.46339425745327
143.63344161961444
148.44149432134242
149.73745276375914
148.41460128202817
151.4243985447819
146.21440038749805
147.4479880123291
147.43221550940396
142.2642635611527
141.7159526012167
147.40017240325403
148.60683204718188
146.2241749726276
143.37126305064504
149.68436670964388
147.83482014959665
148.4187220220888
144.85529387904373
146.93424161741382
141.48335198116274
140.5999539634466
147.97364729959045
144.09973675092533
143.6627319332019
146.51365731464634
145.46365167243562
152.0478607519911
144.6095542486047
149.16101270202222
148.01412850297365
147.58393514335623
146.93760608407004
144.77014686085593
141.03316727275921
141.6763299620166
149.42442371091678
150.672820781765
145.633261007398
147.8564519062696
144.8466825691999
142.27811058764786
145.59626171662956
144.88688943684843
147.2261060117192
145.92468253823378
143.1618242069651
148.35692349719824
145.95052617978226
142.93590706235642
144.75501407653078
148.03621323206113
146.83566724279447
150.5077158019244
142.44581016221338
142.95208590641585
140.53344148454178
148.78294018883506
146.2170878655059
144.13426113176016
149.79222135581523
141.38306518223797
144.1717908264237
144.30937374571462
148.4263533342831
145.81118790830428
145.96800930519888
145.74659114791416
144.01277819045848
145.4241586984087
145.20874158246218
144.76668225477493
145.4984663480285
147.319170412325
143.88389877924823
145.42355359747134
142.52815203576256
141.83986236737206
148.62579699492676
145.88841001289737
147.42167501953656
148.3063187022117
145.50335187351277
142.66872656576774
147.58870006974615
143.8512643347452
146.48323258543556
146.1841274961635
143.24007812400373
142.5961867497316
149.14699366005593
141.74220502848948
150.16239659815727
146.45671057114836
144.79810001457062
146.0220910244814
144.5216155765348
141.58774709664527
149.52981233764214
145.74431609464145
144.1001310162886
150.14566480965274
148.22495024241894
146.90133066377564
143.3074025062101
149.36320352542413
146.9494510669405
143.818036374878
145.22216095806294
150.2827796614353
146.47822761401162
145.4473407688985
144.7565722809282
143.42570244071518
144.82026656924012
144.8357080158632
147.19480813283536
150.7892981840357
146.40153938661675
143.45460218302188
146.2672723981307
145.25276204350703
145.07838304933432
142.2305188100365
142.72308813815383
140.60896149951216
148.35929246469468
146.06617811086002
145.57375617494608
141.42875165282885
145.99865491918544
145.3718207998694
140.4880255213996
145.15678799198815
145.36765106209035
144.74496812922627
147.81998415825348
142.03432066023854
143.78078784764696
147.1483401924396
144.34499138705573
142.94967299757053
147.27037655582893
144.30042974847015
139.83047926143306
141.2505401164518
150.32827455532086
146.51040360012698
150.09546601675225
147.27206925664487
144.35862850563763
147.8716015117373
138.69434511551717
141.68537688263913
140.80049662517695
146.13504767585252
147.64914265882763
143.3151795594175
144.72594075283214
144.85971095239688
146.64135343501215
142.95194922554558
142.81329522131543
145.55249685513252
147.61825492858068
144.89387220814714
149.25108189797754
142.92711797953345
149.09516097867953
143.58958349798547
146.15492264381828
141.9484050992805
148.65893099659354
141.3785309925126
143.38356365900074
145.52987908574386
148.93657999376177
147.30025420723598
144.31775728621685
145.00294077375807
147.36444644370258
143.486998574886
143.24821595943826
143.80343448513165
143.3715891478403
143.84115582413028
147.30389269928833
138.40130325919569
141.21087522689407
148.10433172789106
148.31093127431788
147.58624484908853
138.48062826251834
149.35577826471314
146.713059621458
142.5481862884813
143.735313791035
142.90666315345302
142.19510848179036
147.12778355283672
143.8259145818176
143.73960172652545
143.45646917301062
146.60343667621575
143.18415921760538
143.82847307034874
140.6207109011539
146.3255903108852
145.91742124096442
144.25067344087552
149.3191506934794
143.58109724021116
144.9415450968247
147.1343133835712
144.72313960975634
148.01446207555938
139.91720240517307
143.29293115740202
143.14246403545408
149.8269079756099
144.84720670270931
145.87416102428315
148.1345641214929
143.61652392261024
143.61577123666743
142.64267094686224
144.878672408169
148.24087319199086
147.83105428361284
148.8548000688201
149.215085484399
145.09773247641616
144.38892864558082
138.79419671535027
144.7133199203668
143.40483701430182
142.30030370621412
146.59618854364157
147.69374221944042
145.6512230711118
142.63676726720007
143.07450853472557
145.42239837396738
146.37503573330292
143.0474773188289
146.36859875821247
148.27611510658352
144.4171088008841
146.70368209395417
142.30191070112153
142.85776895646154
147.72513901612444
148.55642824436845
149.21657226029336
143.50214441409366
144.00320025517348
140.507356272694
147.83061560449588
144.14915467538196
144.81509080784303
146.24921899845452
148.33914990121525
147.5003271922683
144.85348135424817
139.2493421309105
139.9541005866957
142.41732159669624
144.60651968107496
140.72586835289385
142.60989430542338
144.4573894626608
146.46416467605795
144.74035227462406
144.2089186350558
144.51249288086592
145.6570653310869
146.0163881111787
145.93226211482178
138.5424555309575
144.34084730004847
145.08517483526398
146.53760626156466
144.98319994940044
147.91924284818313
148.2306469462808
144.40656157505668
142.39315579968059
139.67155154795694
146.19668310432684
145.63726796411942
142.00282804768187
145.85872318755372
143.8293759724984
138.8069744098787
144.305259864373
143.92608307304366
149.3819352499398
145.2603847972091
139.80525593066224
152.30294547645127
140.8917442115202
140.70782389819624
145.0779066117025
144.87781989719545
139.93819549562352
143.98678287200218
144.3075052489581
145.943831121911
141.74775614907836
142.86812445891655
146.3012823001197
142.18766703189942
143.0225858268957
146.52010246305696
149.09141429488227
142.42004539245266
141.72584758614528
148.2281705526188
144.91368250751552
144.60740345712114
141.55974819053026
141.1021098011014
141.3576476305416
139.21992888560308
142.47792285244458
146.61653647105123
136.36046989894848
145.6334249965827
145.10812732827492
142.07400853544453
145.44154155944517
146.40475181777566
142.63078967365095
146.97861330770957
143.92290674248773
140.81100196191036
147.2810208316267
144.5614858747348
146.33661609628737
146.2158674421341
145.13100332433697
139.70334983986763
142.29833785672005
138.93213951941559
145.0235316353459
143.42989270295195
145.30312671697274
143.59460338087436
138.5785605429504
147.60308499636488
141.6822799675884
142.05936329664954
140.51164684795899
143.8741647731581
143.2602687466232
142.2515857442865
141.6827374233914
142.12670625858266
138.02411798718052
146.02101943791425
137.9844441559366
144.6624367968805
148.1776953341358
143.48409983136705
142.3287092760027
142.24343261372175
141.76603967644644
146.93777541973262
139.87313626178982
143.14452733574373
145.8423994806265
144.86023895920857
143.89140986143258
144.1886317853299
137.28721711219205
146.02709171173376
143.62025825036702
138.88797245190585
135.98420687864964
141.88261434115228
144.30189224344892
146.07569061683017
140.90253157834815
142.6196810264477
145.8084444695359
143.94359883538218
150.82650572226723
144.58978323444546
147.1747159555902
146.13602046686825
145.298425218333
142.0738286546212
146.47915278688404
143.48580096158415
144.65766368999073
140.0153743674907
139.79781167081092
145.40621706402175
145.33868676291766
143.5498821376919
144.58864694938683
146.02591933974574
140.02894407851127
143.09065520690226
142.20088695228955
138.80787528182603
141.6473652049647
142.18188278164226
139.19877048654163
142.38313090740397
144.51995492087173
147.3199727205228
144.4979647752396
143.93377824831882
138.71075137266507
141.52548502290526
141.2974279297196
144.8406581165275
139.42795988111828
144.36419578828813
146.22617687902738
139.3078400216065
139.4947678673594
145.67144554238058
145.60956785797188
137.29492979261582
142.2240691081887
138.59159316795356
142.77592205421038
