166.82492834007115
182.83232220887967
198.32001687185863
198.04555407962206
179.40579603723538
186.13690037742185
181.3451323996938
195.319438533803
196.2271986716686
200.71106097024654
195.94346833022115
203.87779554662308
201.48956315846948
196.3032023673732
196.85792045166738
214.03993627521362
189.47229260869196
153.54084167868513
207.05356065159407
194.75039180560907
200.29201329517835
212.61179529053263
198.23532077438196
194.2652201125939
196.60376992715217
196.29306401264867
209.2923469566603
209.4609086020603
186.92835235732943
197.50381498218758
189.07929328659085
201.8682400095891
183.42157618384985
201.23001259429836
197.3258771165875
183.99935454316375
198.60875195313824
189.49167060445905
180.16000798578958
194.54001873251565
202.72629185672506
185.18619020962953
196.24390995812647
191.46532754756814
194.04916729411468
194.0436190769341
181.10474494643535
193.10942973611134
174.17545597934927
201.73156777590512
206.15378079128334
204.4392777993126
189.80517128415434
197.99375553932367
200.77606299577522
207.03600911040394
188.51214930804173
198.77322739033482
183.3877696556227
180.77258136529852
199.15050687612626
173.7560683229534
204.94662877681276
180.13408896179328
206.70986320707388
190.53643943357912
187.25634576734774
190.62737707652755
196.59988044679838
208.46635589522563
179.50280369553082
188.81538483831338
185.33146636651517
184.1568995957334
188.02800046428916
195.23146332099563
212.04314252708167
207.67475377726657
177.98530714963664
189.708968671584
202.95811086647208
174.7924145201929
195.17419077130504
189.44286867938982
197.56738913305787
210.75840662951714
182.0574208115765
187.58518603602352
190.53013993628795
183.03668150141732
207.75213283009992
197.0731798935263
197.70696608638096
190.16621390006853
189.09399804846706
202.80318668513695
201.87148609723178
183.9888629273419
187.90890460227993
187.3883654212947
203.7848198478101
191.82850095511395
190.6370372939416
199.89622962779657
206.85777260562207
181.20109926357605
184.0513787598859
164.99430095344658
203.72911623027179
188.01020021568422
184.90159440201612
188.975389154379
174.28863335145564
206.81396852745738
209.07967052084214
189.25437027506715
180.50604141628529
150.17773134423544
199.74304975740978
204.65976483806736
195.2153762344786
191.65544720197985
188.5051787939464
160.8150193126095
203.60932928888633
198.26759660109806
200.8972638870073
205.8488710454709
194.02225701113005
196.69664138481966
180.72787511715794
207.26336754873432
186.89049830932336
192.15615333189774
203.40118035269148
195.2963330478784
200.64418970755239
188.35586193640717
191.06211882394683
188.4105539878788
204.24287621157129
174.7182860270117
199.82148231054444
185.0016901247207
201.26667126186786
182.69495152262846
196.0940001607596
187.2973170653841
181.6949040193169
189.58176292710968
182.6779349125594
191.57032004097664
194.46297552179865
206.8716455605955
197.41387719850087
190.57611066980763
178.36477740052538
197.03361464163774
210.92681872202834
173.277934432044
160.52427761222913
207.06319294173176
199.3091006663523
190.08753802165828
181.6861850626216
200.60258860003887
187.21172371271766
182.8136826311267
209.74703284157246
179.04641141904642
193.00170224197427
202.78103715981143
187.84814141375554
194.02606224247978
181.21990355296117
189.10563955817562
207.6799199478242
198.27888606556968
189.82676531704632
195.38554316526788
206.44768113057344
208.62086721543707
196.92886516997103
195.56478284812232
182.27108061932978
205.6034437155888
181.72763034911102
202.71084608667493
188.6775374465429
189.29490147909172
194.3890630091223
190.16221501828994
185.81264525832188
198.4675682543879
208.90796358014896
192.98251285131605
189.11470003031553
188.57993151071562
197.87975161192125
185.34371060688437
187.8379446290182
187.09268889048133
212.18939571900785
194.3417540634444
148.67678630266442
204.0414281741456
193.57273002609153
204.9692917836069
200.80903277926484
191.9784745391798
198.92520673918597
183.26149279476917
199.4787841059614
197.75281618962023
188.64052776770825
205.15577714373373
192.20339578186739
198.50560844998432
194.77526158620816
204.84311270459668
197.51958137267152
196.74697373028616
153.66379660426801
182.85424299299922
194.5371762847345
194.3754729436992
197.48756473195942
190.17840598386772
186.6227137624488
186.8679574226772
188.0415043615313
184.5855400817324
192.5157299364352
190.70468546491205
190.14130794220875
203.16685612187595
189.58087975032151
202.916588952775
202.40470128724175
192.37134881881406
160.32493402911177
198.6494694862778
181.25980347169113
193.16222870550635
195.80843786640648
196.70904025428206
174.05350145581727
205.28891764015498
183.60253125085734
198.49969225674008
188.44250522660525
184.65351187733967
177.6111367942916
195.41811292664022
185.15120531230133
201.9250317520202
198.4022728490598
198.51002636731047
197.21817461635916
166.51355533508567
207.48940547690842
177.92038136174776
192.73078708302518
194.65689385976285
194.85530859949998
194.4554500504947
193.72956621663323
195.42111225046617
195.30511999634024
186.88262190185128
198.2270602771464
195.5074258211725
185.91272039006284
179.10422219724873
186.59344084268403
177.32048717169462
199.1979743712704
174.76455926203383
187.6988608710351
184.33460251766786
200.03024465668057
190.2133345880428
201.81776735633022
202.1296957280552
179.50113847695803
191.13521709883807
188.29540878506495
186.78315044080696
188.57671450925653
176.43266349283462
204.6873895878108
184.39380663186054
195.90717020802765
198.03886997345168
190.44127058724533
154.93810138928967
193.75490137972187
202.45266049899186
190.4264056707782
193.14129431447873
199.7693965213602
208.14013479368737
185.07470173053744
204.47304904839876
203.12320185418463
201.48900908078818
192.79367871689405
176.0405398294321
182.3274171409026
184.96385667229956
203.93570379418446
175.04528925851773
206.63706230526776
207.3213543509408
203.6342963781748
183.28606988084013
194.10606183916636
204.79634644374016
186.3629401999732
199.1254105766706
197.2369268991986
200.1923347839261
192.26995964437754
188.11691956751426
193.13540132527584
197.19393848919202
198.21102048068892
209.05304653335438
199.23983328471874
195.1908391359981
191.32277894771477
189.828509529938
202.9187698074732
161.18241417426293
185.90246684800525
184.64553227780095
201.46592081038244
185.20956484520917
206.241625203953
172.41187265264983
204.59028337384146
209.9257998614834
192.47361647285499
210.7666157632426
204.7720189424644
185.65956741180293
193.15916925982748
199.33802919003324
206.55457816105874
193.5165828977101
192.60132072972408
200.78496132293705
181.92269803238977
204.83489315999208
203.47383022255252
177.69666977592783
210.2754929332032
186.56538362369793
202.1854693727876
196.9753103664348
183.44827712673043
200.0202408878987
208.61404668939772
196.01059191083027
205.9343652832837
174.58775246970225
188.67125337772566
205.2922009159906
211.47348589538467
199.52464584885334
209.59272389084154
185.0441334934668
207.60299723760482
186.02496027989707
193.72685036428217
183.12480620004706
196.43130327973867
191.1392851035617
183.7352682537763
209.36006027058014
196.3071738248732
191.91158737693442
184.29670929073237
184.48009628905228
182.19759850987023
202.7600787679404
190.98787158876522
207.541025620771
198.37591278248658
182.16895465485507
182.91672222922253
169.20864248783587
175.2253540050789
183.57578581855117
189.24802338700152
208.44977510663713
197.9061975189846
179.52095390352162
176.6716895299242
195.3598514538559
184.53696620241178
205.09727007549293
193.88231759231812
197.37409767531094
194.07057399485257
197.94961874879044
185.85300135600977
167.46089466385138
202.27289662949113
201.4477544755351
193.2213296203383
189.13502256846294
197.52404053069625
195.09505038048718
176.5709168731619
181.12684192144684
204.69626783416544
199.06793623225596
200.65929135758864
193.0883498460612
200.25749110440916
200.40511286388895
204.63675858170893
201.6860779412802
186.84268207620357
183.18063799130772
195.90477110672404
202.25172368754852
196.11578766781454
192.77987138549642
201.59288180707745
185.69752192992536
208.39258726941813
196.92065301281113
194.0823096190187
188.0640673987195
161.78301262088982
199.32671794636406
187.78051681310134
197.3254323515161
190.44310255626775
186.72029075086118
194.40947515269093
159.20109637567296
194.941275273408
153.2464070119962
195.63399813533601
200.17866168349488
211.7270606692038
200.25650993588206
203.1374813658857
202.50252088589716
183.65640450344713
174.33372870759476
170.35876120861377
185.58364797685627
203.07128544320517
194.96578790714923
179.29923075713094
198.20731580870313
199.6294855910277
196.31142897868745
178.6040116970766
188.5238934896935
188.84353513344843
187.6452126105945
190.76554118955778
194.835828476915
196.52901132237568
189.40770657637827
190.28694998538495
203.34080461954352
194.77763382473046
196.81102020952912
205.37039657243665
180.29220844763464
156.04913174421785
182.71454537696553
202.57957547835562
194.27953657977187
205.43624727009146
196.20653164662292
198.43031944371046
202.57069699390001
206.91950436036555
155.66664894193573
206.2460355284363
176.1603576560395
194.69303878312374
187.40241508258563
206.18600702381772
181.53325184995626
170.3239300437884
200.79522191256973
191.85735791281286
183.0876938981285
204.54442929587398
183.3281608364087
197.8150568459736
188.13227323493467
160.559839538405
180.03004848572263
167.82796871357027
186.96432725394598
177.7393083333033
208.64357012640247
197.59918509357334
188.7195594349066
195.18574638667855
205.58208137565472
190.4130389715986
179.66802849197038
180.16196474522906
202.43542330481517
186.22062692453457
152.78537725494076
190.03429549686876
194.9296861410462
202.06447175915395
194.3200065750184
202.1262495576911
193.32922895753296
200.57882052761994
183.7539844192252
195.19201348978217
172.96923365401372
192.1005763016125
195.56161703772028
205.14750411903316
204.12841176153194
197.352889315601
161.85345525351954
170.28362721474213
205.25772446057363
184.54318943682364
178.6521649305028
188.07552487544072
193.22010357120425
200.41465589441114
192.38896479482332
177.51116010532655
178.77590833071133
185.5007042748913
187.55453369665366
178.88449782067494
198.21435370064847
200.52485069616856
184.74352889436753
184.9444202377754
167.4836678210686
188.10247520111565
184.92535864994161
208.00647160273041
198.6812607295052
192.98359561855054
192.17633286352185
183.64819331922493
193.96924823366467
188.40019109840736
194.36119552319474
186.81855771434033
201.2966304193857
195.3861274379738
191.74654319641567
184.28324487293298
195.6058541162559
181.33358782336677
192.58867276177062
187.9778785482267
193.4021540983718
185.7145595604239
194.50651395958127
168.51539709223778
180.28991343208745
183.28392412859316
168.69809314760224
192.69156814079096
199.8154330604562
169.51358725063454
206.6870903107459
173.16865373914288
176.60967237633145
197.86681890057565
205.42753196142402
173.00806050737242
200.0965148311429
158.45688365719354
187.79252982242113
178.0773124768253
173.13472415615436
189.23315755605967
185.22945484469903
198.48811276566647
205.1817944206474
191.11024168548707
192.00026557990995
193.01654576649304
189.76518081807083
174.02319243167634
194.01135360831267
157.81882398786908
182.44663560453932
182.5951514269549
183.44050572147216
185.14541550427532
173.3100270758053
209.33384240164094
187.21933107770434
201.5518772725559
196.1308580590687
178.23648017324192
182.50198192947894
198.60835607340204
199.13829054347505
203.70590088987552
184.49782099747586
198.60788401231355
184.7612140399607
184.73937931724848
193.41802097344495
196.19557521672468
194.6430891121807
192.314677037142
191.6170383031524
178.64759904212352
191.08752158651075
181.61551950921066
198.34582229176505
198.0097988104924
191.20412965389403
204.92988838033781
194.74576707307025
194.07217552083492
203.92211102912924
195.46263666181935
184.18172261335872
196.61592461517193
157.20835959837925
190.03343132310744
188.92413032574754
180.67053534332936
207.03360125959478
195.65142018201854
196.74822304417506
200.84575463460007
179.613500159989
189.5648128899124
167.65278930879353
198.12216041989777
207.3027211278215
188.6802099362913
192.49557245933852
174.99373897802897
205.3495099253161
196.27944911373282
207.5360933703839
195.73892642802633
181.3866534008134
195.14269052593477
194.7809250335372
199.10982013556202
200.14931878083758
193.28866233796313
198.36094736423922
200.80859020183877
192.83911158037043
194.12302556875196
196.8033501411158
158.66175569472279
183.31851178055226
206.5583101513332
201.36661955667438
183.8040604700932
155.78866096807232
187.76775322375622
197.30884668944915
202.06597590027212
191.19403431974217
192.17901362003317
191.1034171344303
199.5230259759865
203.62105287543855
194.64513513032668
191.9252104304936
191.37198668425572
190.14699657704563
177.32499167314515
194.74818232622204
198.953122785348
195.1623443566058
173.83905175031106
208.8484441996326
199.0108695965493
197.8937443816776
200.07111408715062
205.65859074614028
185.49317681949427
184.29746490943356
193.96044289856374
191.46299958885896
196.45334790803648
188.20805046634538
198.2829934342327
196.27241998156506
199.59936561571718
185.40228444381748
184.90622165198798
200.73430269120894
165.35141479186183
157.83461205839245
193.79811069394214
188.24435748480914
177.51800871901744
183.18249335098923
202.322019271243
197.81840149769945
194.50220332564163
202.88172959312723
207.53496016268525
186.26523066926512
188.6499857616395
197.69692495021806
192.9926356858304
208.51040782659598
197.014439445761
200.69828335767824
173.4344642660478
194.2422480788309
201.08179993152953
192.7434671787583
197.70450928856334
186.350561472155
176.99230749887056
191.51978696030594
175.79932949992337
176.39276333809028
198.558512253667
197.65917924882228
180.64964322198836
191.14731441369068
188.74325196201823
185.34176504803463
203.7175981771886
180.09913745100485
186.2301956731972
186.3549689646691
196.61016331916093
174.3416455836463
197.8802003686143
201.54152270356383
184.78144038699398
192.3931061350755
193.93738673219087
187.32252121375333
196.99617538835838
186.80448186889288
196.91095146382256
189.6611891029997
181.10986327893423
179.4499933410836
208.5773732318727
179.71222206478816
182.90495736028237
191.81863746533097
160.9942227050747
177.44655051277428
185.58451315541976
196.13338020606508
211.9987106181541
176.674270421493
190.35058382827316
200.4574617465463
197.28240619226395
177.7871858953305
189.9064445529192
187.446790242733
176.47013498524828
198.58780843053447
201.1000792887049
165.83741853048735
185.66939073292264
177.52563759433926
194.46876378109988
200.55066868300952
187.4730589783723
203.70746555058588
174.3431714704118
160.31798044512288
171.44827038570116
192.4498784706963
180.47677741912432
196.40415948186083
188.3991393300911
201.03169883673365
186.29031958580174
184.98605195354426
185.533826590543
180.2835339124785
194.83357228849167
194.77598333210796
180.6988178974706
197.0931008764692
206.14029355253894
193.48954309717544
188.10438103188355
205.17119823984893
199.73818214863377
182.61063102027072
193.19390225959697
176.2058249521898
175.74618300677443
183.33840381865733
180.58035096210656
177.0294593192951
192.3643099933035
180.9631809362403
189.58316911841519
187.24594383965837
196.86805430060792
179.43773833650334
199.6880572672263
192.89357049453392
191.8938156528027
185.95709729811256
199.63808275909062
188.05862279754695
184.77492096322607
201.00290864417562
157.50801503516263
199.0518391898889
194.48649005795667
202.83197554737163
189.32035423194648
189.41007476402805
183.74409249735373
197.29182554221092
186.31410826740765
193.27031703976388
190.4547706465785
184.65341973308904
167.79018751072974
192.599602615318
